# Mass
# g/s
# %lf
1.0
52.0
87.0
123.0
34.0
65.0
29.0
109.0
97.0
142.0
49.0
79.0
164.0
11.0
43.0
200.0
18.0
94.0
61.0
139.0
74.0
152.0
36.0
177.0
126.0
83.0
148.0
45.0
91.0
172.0
23.0
100.0
130.0
15.0
59.0
70.0
32.0
113.0
147.0
88.0
56.0
121.0
135.0
14.0
81.0
68.0
24.0
101.0
95.0
137.0
50.0
76.0
171.0
12.0
42.0
196.0
19.0
93.0
62.0
138.0
75.0
150.0
37.0
176.0
127.0
84.0
149.0
46.0
90.0
174.0
22.0
103.0
129.0
16.0
58.0
72.0
31.0
115.0
144.0
86.0
55.0
120.0
134.0
13.0
80.0
69.0
25.0
104.0
92.0
136.0
51.0
77.0
169.0
10.0
41.0
194.0
20.0
96.0
60.0
140.0
73.0
153.0
35.0
178.0
124.0
82.0
146.0
47.0
89.0
173.0
21.0
102.0
131.0
17.0
57.0
71.0
30.0
116.0
143.0
85.0
54.0
122.0
133.0
9.0
78.0
67.0
26.0
106.0
98.0
132.0
53.0
76.0
168.0
8.0
40.0
193.0
28.0
99.0
63.0
141.0
72.0
154.0
38.0
179.0
125.0
64.0
145.0
48.0
88.0
175.0
27.0
107.0
128.0
7.0
56.0
66.0
6.0
117.0
159.0
